GEN	CPU	P1_Generation	P1_E	P1_Mu	P1_Lambda	P1_Tau	P1_Sigma	P1_EvalCount	P1_DuplicateCount	P1_CacheCount	P1_OpUse_singleParameterAlterationMutation	P1_MAB_singleParameterAlterationMutation	P1_OpUse_onePointCrossover	P1_MAB_onePointCrossover	P1_OpUse_twoPointCrossover	P1_MAB_twoPointCrossover	P1_AvgAge	P1_AvgIndSize	P1_Avg_f0	P1_Avg_f1	P1_Avg_f2	P1_Best_f0	P1_Best_f1	P1_Best_f2	P1_Worst_f0	P1_Worst_f1	P1_Worst_f2
0	0	0	6,24659	50	20	1	0,9	100	0	0	0	0	0	0	0	0	0	298	0,0689418	4,23E-06	0,269479	0,333333	1,21E-05	1	0	0	0
1	314	1	6,22807	50	20	1	0,909	125	0	8	7	0,245955	7	0,466219	6	0,546617	0,98	298	0,162293	9,87E-06	0,604455	0,354167	1,17E-05	0,0526316	0	0	0
2	395	2	6,20065	50	20	1	0,9171	158	0	15	0	0,245955	2	0,499851	18	0,706911	1,6	298	0,214349	1,15E-05	0,63428	0,354167	1,17E-05	0,0526316	0,119048	1,22E-05	1
3	461	3	6,17645	50	20	1	0,92439	185	4	23	1	0,290456	17	0,628042	2	0,717628	2,12	298	0,234666	1,14E-05	0,612993	0,354167	1,17E-05	0,0526316	0,162791	1,23E-05	0,111111
4	520	4	6,14976	50	20	1	0,930951	209	5	28	10	0,742104	4	0,537416	6	0,829182	2,44	298	0,255492	1,14E-05	0,595577	0,354167	1,17E-05	0,0526316	0,204545	1,17E-05	1
5	580	5	6,11106	50	20	1	0,936856	234	6	39	3	0,724893	8	0,449615	9	0,885578	2,64	298	0,284447	1,11E-05	0,42622	0,354167	1,17E-05	0,0526316	0,204545	1,24E-05	0,111111
6	649	6	6,04123	50	20	1	0,94217	263	6	39	11	0,727793	1	0,458873	8	0,879425	2,52	298	0,315494	1,16E-05	0,254078	0,387755	1,13E-05	0,0526316	0,244444	1,16E-05	0,111111
7	713	7	5,97924	50	20	1	0,946953	290	6	47	5	0,741981	2	0,476684	13	0,870399	2,52	298	0,336347	1,17E-05	0,360383	0,387755	1,16E-05	0,0526316	0,306122	1,09E-05	0,0909091
8	788	8	5,9191	50	20	1	0,951258	322	6	49	6	0,766495	2	0,507324	12	0,837559	2,6	298	0,347506	1,18E-05	0,527081	0,387755	1,17E-05	0,0526316	0,333333	1,21E-05	1
9	857	9	5,87498	50	20	1	0,955132	351	6	50	10	0,748866	2	0,540676	8	0,843298	3	298	0,356066	1,17E-05	0,186794	0,387755	1,17E-05	0,0526316	0,333333	1,21E-05	1
10	934	10	5,76372	50	20	1	0,958619	383	6	54	4	0	8	0,858574	8	0,871066	2,94	298	0,361148	1,17E-05	0,0715789	0,387755	1,17E-05	0,0526316	0,354167	1,17E-05	0,0526316
11	988	11	5,77478	50	20	1	0,961757	405	7	60	11	0,495531	7	0,74731	2	0,863077	3,88	298	0,361148	1,17E-05	0,0715789	0,387755	1,17E-05	0,0526316	0,354167	1,17E-05	0,0526316
12	1079	12	5,79654	50	20	1	0,964581	443	7	62	0	0,495531	0	0,74731	20	0,829796	4,02	298	0,364507	1,17E-05	0,0715789	0,387755	1,20E-05	0,0526316	0,354167	1,17E-05	0,0526316
13	1130	13	5,81253	50	20	1	0,967123	463	14	71	4	0,545389	15	0,612302	1	0,830296	4,14	298	0,367194	1,18E-05	0,0715789	0,387755	1,20E-05	0,0526316	0,354167	1,17E-05	0,0526316
14	1211	14	5,82049	50	20	1	0,969411	497	14	74	3	0,572326	2	0,621094	15	0,838376	3,14	298	0,374583	1,17E-05	0,0715789	0,387755	1,20E-05	0,0526316	0,354167	1,20E-05	0,0526316
15	1286	15	5,81085	50	20	1	0,97147	528	15	75	7	0,58443	5	0,648869	8	0,838101	3,46	298	0,384633	1,16E-05	0,0715789	0,42	1,13E-05	0,0526316	0,354167	1,20E-05	0,0526316
16	1368	16	5,78511	50	20	1	0,973323	562	15	75	6	0,589089	4	0,666345	10	0,845946	3,42	298	0,389045	1,16E-05	0,0526316	0,42	1,17E-05	0,0526316	0,387755	1,13E-05	0,0526316
17	1436	17	5,78771	50	20	1	0,974991	590	16	83	3	0,587173	5	0,679322	12	0,84831	2,74	298	0,390335	1,17E-05	0,0533971	0,42	1,17E-05	0,0526316	0,387755	1,14E-05	0,0526316
18	1500	18	5,7823	50	20	1	0,976491	616	16	92	5	0,572084	6	0,674842	9	0,853837	2,66	298	0,394849	1,17E-05	0,0541627	0,42	1,20E-05	0,0526316	0,387755	1,17E-05	0,0526316
19	1577	19	5,79196	50	20	1	0,977842	648	16	98	2	0,563165	5	0,668995	13	0,857062	3,32	298	0,398718	1,17E-05	0,0549282	0,42	1,20E-05	0,0526316	0,387755	1,17E-05	0,0526316
20	1650	20	5,79384	50	20	1	0,979058	678	16	106	2	0,557259	5	0,668943	13	0,8589	2,62	298	0,405812	1,18E-05	0,0549282	0,42	1,20E-05	0,0526316	0,387755	1,18E-05	0,0909091
21	1727	21	5,76768	50	20	1	0,980152	710	16	110	4	0,547649	2	0,669126	14	0,860739	2,52	298	0,41742	1,16E-05	0,0526316	0,42	1,20E-05	0,0526316	0,387755	1,20E-05	0,0526316
22	1801	22	5,76247	50	20	1	0,981137	741	16	114	5	0,53666	7	0,68333	8	0,854488	2,92	298	0,420831	1,17E-05	0,0526316	0,461538	1,20E-05	0,0526316	0,42	1,13E-05	0,0526316
23	1872	23	5,77678	50	20	1	0,982023	771	16	121	3	0,532367	5	0,694169	12	0,847408	3,16	298	0,421662	1,18E-05	0,0526316	0,461538	1,20E-05	0,0526316	0,42	1,13E-05	0,0526316
24	1952	24	5,79945	50	20	1	0,982821	805	16	127	0	0,532367	7	0,689452	13	0,849407	3,54	298	0,423323	1,19E-05	0,0526316	0,461538	1,20E-05	0,0526316	0,42	1,17E-05	0,0526316
25	2017	25	5,80542	50	20	1	0,983539	832	18	137	1	0,531113	7	0,676951	12	0,847441	2,96	298	0,423323	1,20E-05	0,0526316	0,461538	1,20E-05	0,0526316	0,42	1,17E-05	0,0526316
26	2086	26	5,79415	50	20	1	0,984185	861	18	145	3	0,527663	4	0,671174	13	0,848989	3,38	298	0,424381	1,20E-05	0,0526316	0,461538	1,20E-05	0,0526316	0,42	1,20E-05	0,0526316
27	2162	27	5,74572	50	20	1	0,984767	893	18	148	5	0,502551	6	0,667873	9	0,850044	3,24	298	0,425212	1,20E-05	0,0526316	0,461538	1,20E-05	0,0526316	0,42	1,20E-05	0,0526316
28	2245	28	5,7632	50	20	1	0,98529	927	18	153	1	0,497572	4	0,670865	15	0,846826	3,9	298	0,430424	1,20E-05	0,0526316	0,461538	1,20E-05	0,0526316	0,42	1,20E-05	0,0526316
29	2317	29	5,77061	50	20	1	0,985761	957	20	158	3	0,483674	5	0,676612	12	0,850207	4,42	298	0,436483	1,20E-05	0,0526316	0,461538	1,20E-05	0,0526316	0,42	1,20E-05	0,0526316
30	2401	30	5,75804	50	20	1	0,986185	992	21	160	2	0,474878	7	0,670808	11	0,85194	3,72	298	0,445114	1,20E-05	0,0526316	0,461538	1,20E-05	0,0526316	0,42	1,20E-05	0,0526316
31	2473	31	5,71061	50	20	1	0,986566	1022	24	166	1	0,470695	8	0,67336	11	0,85273	2,74	298	0,456078	1,19E-05	0,0526316	0,461538	1,20E-05	0,0526316	0,431373	1,20E-05	0,0526316
32	2559	32	5,70641	50	20	1	0,98691	1058	24	170	0	0,470695	2	0,674962	18	0,85405	2,74	298	0,462119	1,20E-05	0,0526316	0,490566	1,16E-05	0,0526316	0,461538	1,19E-05	0,0526316
33	2630	33	5,70793	50	20	1	0,987219	1087	24	177	4	0,452964	2	0,676483	14	0,857101	3,4	298	0,462119	1,20E-05	0,0526316	0,490566	1,16E-05	0,0526316	0,461538	1,20E-05	0,0526316
34	2710	34	5,71087	50	20	1	0,987497	1120	24	184	0	0,452964	3	0,677046	17	0,857735	3,98	298	0,4627	1,20E-05	0,0526316	0,490566	1,16E-05	0,0526316	0,461538	1,20E-05	0,0526316
35	2785	35	5,7128	50	20	1	0,987747	1151	25	191	1	0,448522	6	0,677265	13	0,859041	4,86	298	0,464441	1,20E-05	0,0526316	0,490566	1,16E-05	0,0526316	0,461538	1,20E-05	0,0526316
36	2865	36	5,71524	50	20	1	0,987972	1184	26	197	0	0,448522	5	0,678402	15	0,858956	5,5	298	0,465987	1,19E-05	0,0526316	0,490566	1,16E-05	0,0526316	0,461538	1,20E-05	0,0526316
37	2944	37	5,71675	50	20	1	0,988175	1217	27	202	1	0,444205	3	0,677637	16	0,857244	6,28	298	0,466567	1,19E-05	0,0526316	0,490566	1,16E-05	0,0526316	0,461538	1,20E-05	0,0526316
38	3026	38	5,72071	50	20	1	0,988358	1251	28	207	0	0,444205	4	0,674811	16	0,857787	5,78	298	0,472156	1,19E-05	0,0526316	0,518519	1,16E-05	0,0526316	0,461538	1,20E-05	0,0526316
39	3103	39	5,71946	50	20	1	0,988522	1283	29	214	0	0,444205	2	0,674138	18	0,85817	4,7	298	0,479115	1,18E-05	0,0526316	0,518519	1,16E-05	0,0526316	0,461538	1,20E-05	0,0526316
40	3197	40	5,70212	50	20	1	0,98867	1322	29	215	0	0,444205	3	0,674899	17	0,8594	2,48	298	0,48934	1,17E-05	0,0526316	0,518519	1,16E-05	0,0526316	0,461538	1,20E-05	0,0526316
41	3270	41	5,70149	50	20	1	0,988803	1352	31	222	1	0,440043	6	0,673896	13	0,859381	2,9	298	0,491684	1,17E-05	0,0526316	0,518519	1,16E-05	0,0526316	0,490566	1,16E-05	0,0526316
42	3338	42	5,70249	50	20	1	0,988922	1380	31	232	2	0,438124	5	0,672537	13	0,859731	3,8	298	0,491684	1,17E-05	0,0526316	0,518519	1,16E-05	0,0526316	0,490566	1,16E-05	0,0526316
43	3427	43	5,70343	50	20	1	0,98903	1417	31	235	0	0,438124	1	0,672346	19	0,859816	4,62	298	0,491684	1,17E-05	0,0526316	0,518519	1,16E-05	0,0526316	0,490566	1,16E-05	0,0526316
44	3506	44	5,70657	50	20	1	0,989127	1450	31	241	1	0,437241	7	0,667969	12	0,85953	4,96	298	0,492802	1,18E-05	0,0526316	0,518519	1,16E-05	0,0526316	0,490566	1,16E-05	0,0526316
45	3597	45	5,7115	50	20	1	0,989214	1488	31	242	1	0,436371	3	0,666263	16	0,860408	4,28	298	0,495597	1,18E-05	0,0526316	0,518519	1,16E-05	0,0526316	0,490566	1,16E-05	0,0526316
46	3685	46	5,7178	50	20	1	0,989293	1525	32	244	0	0,436371	5	0,666119	15	0,861985	2,56	298	0,499127	1,19E-05	0,0535789	0,527273	1,16E-05	0,1	0,490566	1,20E-05	0,0526316
47	3762	47	5,71572	50	20	1	0,989364	1557	32	251	1	0,435503	4	0,66513	15	0,86234	3,38	298	0,503418	1,18E-05	0,0535789	0,527273	1,16E-05	0,1	0,490566	1,20E-05	0,0526316
48	3839	48	5,70995	50	20	1	0,989427	1589	33	258	0	0,435503	2	0,664124	18	0,86253	3,76	298	0,509567	1,18E-05	0,0535789	0,527273	1,16E-05	0,1	0,490566	1,20E-05	0,0526316
49	3910	49	5,69594	50	20	1	0,989485	1618	33	267	2	0,434529	4	0,65876	14	0,86385	2,62	298	0,518869	1,16E-05	0,0545263	0,527273	1,16E-05	0,1	0,518519	1,16E-05	0,0526316
50	3982	50	5,69688	50	20	1	0,989536	1648	35	274	1	0,434443	4	0,651463	15	0,864099	3,4	298	0,518869	1,16E-05	0,0545263	0,527273	1,16E-05	0,1	0,518519	1,16E-05	0,0526316
51	4059	51	5,69738	50	20	1	0,989583	1680	37	279	1	0,434349	3	0,646767	16	0,864587	4,36	298	0,519044	1,16E-05	0,0554737	0,527273	1,16E-05	0,1	0,518519	1,16E-05	0,0526316
52	4147	52	5,69888	50	20	1	0,989624	1717	37	282	0	0,434349	3	0,644267	17	0,86655	5,1	298	0,52027	1,16E-05	0,0592632	0,553571	1,16E-05	0,1	0,518519	1,16E-05	0,0526316
53	4239	53	5,70049	50	20	1	0,989662	1756	37	282	1	0,434225	2	0,643573	17	0,867716	5,76	298	0,52097	1,16E-05	0,0630526	0,553571	1,16E-05	0,1	0,518519	1,16E-05	0,0526316
54	4326	54	5,70383	50	20	1	0,989696	1792	38	284	1	0,431732	4	0,642221	15	0,868313	6,04	298	0,522372	1,16E-05	0,0677895	0,553571	1,16E-05	0,1	0,518519	1,16E-05	0,0526316
55	4412	55	5,70557	50	20	1	0,989726	1828	38	287	1	0,429222	2	0,640301	17	0,868741	5,42	298	0,525156	1,16E-05	0,0772632	0,578947	1,16E-05	0,1	0,518519	1,16E-05	0,0526316
56	4498	56	5,70293	50	20	1	0,989753	1864	39	290	0	0,429222	2	0,63877	18	0,867375	3,44	298	0,530744	1,16E-05	0,0933684	0,578947	1,16E-05	0,1	0,518519	1,16E-05	0,0526316
57	4582	57	5,69985	50	20	1	0,989778	1899	39	295	0	0,429222	2	0,63682	18	0,867597	2,9	298	0,535651	1,16E-05	0,1	0,578947	1,16E-05	0,1	0,527273	1,16E-05	0,1
58	4670	58	5,70032	50	20	1	0,9898	1936	39	298	0	0,429222	3	0,635665	17	0,867662	3,7	298	0,538807	1,16E-05	0,1	0,578947	1,16E-05	0,1	0,527273	1,16E-05	0,1
59	4764	59	5,70253	50	20	1	0,98982	1976	39	298	0	0,429222	1	0,635742	19	0,866718	3,62	298	0,5451	1,16E-05	0,1	0,578947	1,16E-05	0,1	0,527273	1,16E-05	0,1
60	4848	60	5,69795	50	20	1	0,989838	2012	39	302	0	0,429222	2	0,636119	18	0,865882	2,54	298	0,553516	1,16E-05	0,1	0,578947	1,16E-05	0,1	0,527273	1,19E-05	0,1
61	4914	61	5,69388	50	20	1	0,989854	2039	41	312	1	0,42681	4	0,638234	15	0,864893	3,24	298	0,556109	1,16E-05	0,1	0,578947	1,16E-05	0,1	0,553571	1,16E-05	0,1
62	4995	62	5,69363	50	20	1	0,989869	2073	41	317	1	0,424454	7	0,641762	12	0,864785	4,16	298	0,557902	1,16E-05	0,099	0,6	1,11E-05	0,05	0,553571	1,16E-05	0,1
63	5080	63	5,69382	50	20	1	0,989882	2109	41	320	1	0,424162	2	0,643146	17	0,865193	4,68	298	0,562669	1,16E-05	0,097	0,6	1,11E-05	0,05	0,553571	1,16E-05	0,1
64	5151	64	5,69317	50	20	1	0,989894	2139	46	325	0	0,424162	7	0,646014	13	0,864937	5,22	298	0,565579	1,15E-05	0,096	0,622951	1,11E-05	0,05	0,553571	1,16E-05	0,1
65	5232	65	5,69333	50	20	1	0,989904	2173	46	329	2	0,422941	2	0,644623	16	0,864753	5	298	0,571361	1,15E-05	0,094	0,622951	1,11E-05	0,05	0,553571	1,16E-05	0,1
66	5297	66	5,6928	50	20	1	0,989914	2200	48	339	1	0,422073	3	0,641118	16	0,864205	3,82	298	0,577586	1,15E-05	0,093	0,622951	1,11E-05	0,05	0,553571	1,16E-05	0,1
67	5375	67	5,68932	50	20	1	0,989923	2233	48	345	1	0,421232	2	0,63825	17	0,863237	3	298	0,582653	1,15E-05	0,091	0,622951	1,11E-05	0,05	0,578947	1,16E-05	0,1
68	5458	68	5,69507	50	20	1	0,98993	2268	48	350	0	0,421232	2	0,636561	18	0,863498	3,84	298	0,585924	1,14E-05	0,084	0,622951	1,11E-05	0,05	0,578947	1,16E-05	0,1
69	5536	69	5,69829	50	20	1	0,989937	2301	49	355	1	0,420428	4	0,634105	15	0,863664	4,36	298	0,589195	1,14E-05	0,077	0,622951	1,11E-05	0,05	0,578947	1,16E-05	0,1
70	5612	70	5,70433	50	20	1	0,989944	2333	49	362	1	0,421559	2	0,633385	17	0,862857	4,08	298	0,594936	1,12E-05	0,064	0,622951	1,11E-05	0,05	0,578947	1,16E-05	0,1
71	5694	71	5,70444	50	20	1	0,989949	2368	49	366	1	0,422665	1	0,633423	18	0,86276	2,92	298	0,601192	1,11E-05	0,051	0,622951	1,11E-05	0,05	0,59322	1,11E-05	0,05
72	5769	72	5,7016	50	20	1	0,989954	2399	49	375	0	0,422665	6	0,632856	14	0,86213	3	298	0,603213	1,11E-05	0,05	0,622951	1,11E-05	0,05	0,6	1,11E-05	0,05
73	5860	73	5,70352	50	20	1	0,989959	2438	49	376	0	0,422665	2	0,632604	18	0,862337	3,74	298	0,60459	1,11E-05	0,05	0,622951	1,11E-05	0,05	0,6	1,11E-05	0,05
74	5934	74	5,70548	50	20	1	0,989963	2469	51	382	1	0,42371	1	0,631926	18	0,861608	4,36	298	0,60676	1,11E-05	0,05	0,622951	1,11E-05	0,05	0,6	1,11E-05	0,05
75	6022	75	5,70602	50	20	1	0,989967	2506	51	384	1	0,424731	2	0,631394	17	0,860912	4,84	298	0,609388	1,11E-05	0,05	0,622951	1,11E-05	0,05	0,6	1,11E-05	0,05
76	6116	76	5,69417	50	20	1	0,98997	2546	51	384	0	0,424731	1	0,631528	19	0,861164	4,22	298	0,616148	1,11E-05	0,05	0,622951	1,11E-05	0,05	0,6	1,11E-05	0,05
77	6198	77	5,6771	50	20	1	0,989973	2581	51	388	1	0,424255	1	0,63127	18	0,862004	2,76	298	0,622951	1,11E-05	0,05	0,622951	1,11E-05	0,05	0,622951	1,11E-05	0,05
78	6286	78	5,67818	50	20	1	0,989976	2618	51	390	1	0,423775	3	0,631459	16	0,862854	3,54	298	0,622951	1,11E-05	0,05	0,622951	1,11E-05	0,05	0,622951	1,11E-05	0,05
79	6377	79	5,6786	50	20	1	0,989978	2657	51	391	0	0,423775	1	0,631921	19	0,863132	4,32	298	0,622951	1,11E-05	0,05	0,622951	1,11E-05	0,05	0,622951	1,11E-05	0,05
80	6455	80	5,67943	50	20	1	0,98998	2690	51	396	2	0,422666	5	0,634663	13	0,863872	5,1	298	0,622951	1,11E-05	0,05	0,622951	1,11E-05	0,05	0,622951	1,11E-05	0,05
81	6542	81	5,68071	50	20	1	0,989982	2727	51	397	2	0,421423	0	0,634663	18	0,86471	5,68	298	0,623279	1,11E-05	0,05	0,639344	1,14E-05	0,05	0,622951	1,11E-05	0,05
82	6636	82	5,68052	50	20	1	0,989984	2767	51	397	0	0,421423	3	0,636348	17	0,865515	6,4	298	0,624262	1,11E-05	0,05	0,639344	1,14E-05	0,05	0,622951	1,11E-05	0,05
83	6725	83	5,68209	50	20	1	0,989986	2805	52	398	0	0,421423	5	0,638791	15	0,865212	6,78	298	0,62459	1,11E-05	0,05	0,639344	1,14E-05	0,05	0,622951	1,11E-05	0,05
84	6803	84	5,68371	50	20	1	0,989987	2838	52	401	4	0,410413	2	0,64011	14	0,864528	6,96	298	0,624918	1,11E-05	0,05	0,639344	1,14E-05	0,05	0,622951	1,11E-05	0,05
85	6888	85	5,68682	50	20	1	0,989988	2874	53	404	0	0,410413	3	0,64184	17	0,864527	6,94	298	0,626557	1,12E-05	0,05	0,639344	1,14E-05	0,05	0,622951	1,11E-05	0,05
86	6973	86	5,6906	50	20	1	0,98999	2910	53	407	1	0,407909	4	0,64439	15	0,864108	5,12	298	0,627541	1,12E-05	0,05	0,639344	1,14E-05	0,05	0,622951	1,11E-05	0,05
87	7060	87	5,69268	50	20	1	0,989991	2947	53	410	0	0,407909	7	0,64692	13	0,863944	2,7	298	0,629836	1,12E-05	0,05	0,639344	1,14E-05	0,05	0,622951	1,11E-05	0,05
88	7143	88	5,6827	50	20	1	0,989992	2982	54	414	0	0,407909	2	0,647527	18	0,86361	3	298	0,63541	1,13E-05	0,05	0,639344	1,14E-05	0,05	0,622951	1,11E-05	0,05
89	7226	89	5,67333	50	20	1	0,989992	3017	54	419	0	0,407909	1	0,648158	19	0,863234	2,8	298	0,639344	1,14E-05	0,05	0,639344	1,14E-05	0,05	0,639344	1,14E-05	0,05
90	7311	90	5,67333	50	20	1	0,989993	3053	54	423	0	0,407909	2	0,649543	18	0,864138	3,78	298	0,639344	1,14E-05	0,05	0,639344	1,14E-05	0,05	0,639344	1,14E-05	0,05
91	7404	91	5,67333	50	20	1	0,989994	3093	54	423	0	0,407909	1	0,650143	19	0,864917	4,76	298	0,639344	1,14E-05	0,05	0,639344	1,14E-05	0,05	0,639344	1,14E-05	0,05
92	7496	92	5,67519	50	20	1	0,989994	3132	54	424	0	0,407909	3	0,651271	17	0,865678	5,14	298	0,639461	1,14E-05	0,05	0,645161	1,14E-05	0,05	0,639344	1,14E-05	0,05
93	7592	93	5,67659	50	20	1	0,989995	3172	54	424	0	0,407909	1	0,651718	19	0,865772	5,9	298	0,639693	1,14E-05	0,05	0,645161	1,14E-05	0,05	0,639344	1,14E-05	0,05
94	7679	94	5,67787	50	20	1	0,989996	3208	55	426	1	0,405468	4	0,652647	15	0,866201	6,54	298	0,640042	1,14E-05	0,05	0,645161	1,14E-05	0,05	0,639344	1,14E-05	0,05
95	7758	95	5,67935	50	20	1	0,989996	3241	58	429	1	0,404836	3	0,65263	16	0,86578	6,4	298	0,64074	1,14E-05	0,05	0,645161	1,14E-05	0,05	0,639344	1,14E-05	0,05
96	7849	96	5,68126	50	20	1	0,989996	3279	58	431	0	0,404836	3	0,652627	17	0,865983	5,8	298	0,641904	1,14E-05	0,05	0,645161	1,14E-05	0,05	0,639344	1,14E-05	0,05
97	7931	97	5,68059	50	20	1	0,989997	3313	59	436	0	0,404836	3	0,652606	17	0,866358	3,48	298	0,643998	1,14E-05	0,05	0,645161	1,14E-05	0,05	0,639344	1,14E-05	0,05
98	8013	98	5,67614	50	20	1	0,989997	3348	59	440	1	0,404204	2	0,652112	17	0,86675	2,5	298	0,645161	1,14E-05	0,05	0,645161	1,14E-05	0,05	0,645161	1,14E-05	0,05
99	8092	99	5,67863	50	20	1	0,989997	3381	59	447	0	0,404204	2	0,651845	18	0,866479	3,4	298	0,645161	1,14E-05	0,05	0,645161	1,14E-05	0,05	0,645161	1,14E-05	0,05
100	8183	100	5,68247	50	20	1	0,989998	3420	59	448	0	0,404204	1	0,651815	19	0,866366	3,64	298	0,645161	1,14E-05	0,05	0,645161	1,14E-05	0,05	0,645161	1,14E-05	0,05
101	8270	101	5,69329	50	20	1	0,989998	3457	60	449	1	0,405365	3	0,652658	16	0,866235	2,48	298	0,645161	1,14E-05	0,05	0,645161	1,14E-05	0,05	0,645161	1,14E-05	0,05
102	8360	102	5,69329	50	20	1	0,989998	3495	61	449	1	0,406504	3	0,654354	16	0,866112	3,46	298	0,645161	1,14E-05	0,05	0,645161	1,14E-05	0,05	0,645161	1,14E-05	0,05
103	8434	103	5,69367	50	20	1	0,989998	3526	62	457	0	0,406504	7	0,657782	13	0,866522	4,4	298	0,645484	1,14E-05	0,05	0,66129	1,14E-05	0,05	0,645161	1,14E-05	0,05
104	8512	104	5,69502	50	20	1	0,989998	3559	63	462	1	0,407618	6	0,658013	13	0,867016	5,18	298	0,645806	1,14E-05	0,05	0,66129	1,14E-05	0,05	0,645161	1,14E-05	0,05
105	8601	105	5,69545	50	20	1	0,989999	3597	63	464	0	0,407618	3	0,658629	17	0,867033	5,96	298	0,646129	1,14E-05	0,05	0,66129	1,14E-05	0,05	0,645161	1,14E-05	0,05
106	8695	106	5,69744	50	20	1	0,989999	3637	63	464	0	0,407618	2	0,658939	18	0,866745	6,54	298	0,646452	1,14E-05	0,05	0,66129	1,14E-05	0,05	0,645161	1,14E-05	0,05
107	8778	107	5,69994	50	20	1	0,989999	3672	63	465	4	0,411466	1	0,659034	15	0,866688	6,72	298	0,646774	1,14E-05	0,05	0,66129	1,14E-05	0,05	0,645161	1,14E-05	0,05
108	8863	108	5,70719	50	20	1	0,989999	3708	63	469	0	0,411466	1	0,65913	19	0,866412	6,7	298	0,647097	1,14E-05	0,05	0,66129	1,14E-05	0,05	0,645161	1,14E-05	0,05
109	8953	109	5,70903	50	20	1	0,989999	3746	63	471	0	0,411466	1	0,658984	19	0,866147	6,86	298	0,64871	1,14E-05	0,05	0,66129	1,14E-05	0,05	0,645161	1,14E-05	0,05
110	9033	110	5,71423	50	20	1	0,989999	3780	64	475	1	0,412318	1	0,658889	18	0,865495	5,24	298	0,650323	1,14E-05	0,05	0,66129	1,14E-05	0,05	0,645161	1,14E-05	0,05
111	9120	111	5,70962	50	20	1	0,989999	3817	64	478	0	0,412318	4	0,659092	16	0,865649	2,62	298	0,654194	1,14E-05	0,05	0,66129	1,14E-05	0,05	0,645161	1,14E-05	0,05
112	9192	112	5,68055	50	20	1	0,989999	3847	65	485	2	0,411683	5	0,660408	13	0,865873	3,16	298	0,65871	1,14E-05	0,05	0,66129	1,14E-05	0,05	0,645161	1,14E-05	0,05
113	9287	113	5,65929	50	20	1	0,989999	3887	65	485	0	0,411683	2	0,660413	18	0,866054	3,14	298	0,66129	1,14E-05	0,05	0,66129	1,14E-05	0,05	0,66129	1,14E-05	0,05
114	9378	114	5,66018	50	20	1	0,989999	3925	65	487	0	0,411683	5	0,661945	15	0,866536	3,92	298	0,66129	1,14E-05	0,05	0,66129	1,14E-05	0,05	0,66129	1,14E-05	0,05
115	9462	115	5,66069	50	20	1	0,99	3960	65	492	0	0,411683	4	0,663385	16	0,866747	4,7	298	0,66129	1,14E-05	0,05	0,66129	1,14E-05	0,05	0,66129	1,14E-05	0,05
116	9547	116	5,66106	50	20	1	0,99	3995	66	496	0	0,411683	4	0,663057	16	0,867348	5,48	298	0,66129	1,14E-05	0,05	0,66129	1,14E-05	0,05	0,66129	1,14E-05	0,05
117	9639	117	5,66215	50	20	1	0,99	4034	66	497	0	0,411683	0	0,663057	20	0,867778	6,26	298	0,66129	1,14E-05	0,05	0,66129	1,14E-05	0,05	0,66129	1,14E-05	0,05
118	9727	118	5,66308	50	20	1	0,99	4071	67	499	0	0,411683	3	0,662351	17	0,867742	7,04	298	0,66129	1,14E-05	0,05	0,66129	1,14E-05	0,05	0,66129	1,14E-05	0,05
119	9815	119	5,66518	50	20	1	0,99	4108	67	501	1	0,409216	3	0,66112	16	0,867784	7,02	298	0,66129	1,14E-05	0,05	0,66129	1,14E-05	0,05	0,66129	1,14E-05	0,05
120	9895	120	5,66724	50	20	1	0,99	4142	68	506	0	0,409216	5	0,660375	15	0,867802	7	298	0,66129	1,14E-05	0,05	0,66129	1,14E-05	0,05	0,66129	1,14E-05	0,05
121	9976	121	5,67197	50	20	1	0,99	4176	68	511	1	0,406804	4	0,659794	15	0,868344	5,58	298	0,66129	1,14E-05	0,05	0,66129	1,14E-05	0,05	0,66129	1,14E-05	0,05
122	10056	122	5,67831	50	20	1	0,99	4210	68	515	2	0,402045	2	0,660322	16	0,868444	3,76	298	0,66129	1,14E-05	0,05	0,66129	1,14E-05	0,05	0,66129	1,14E-05	0,05
123	10138	123	5,681	50	20	1	0,99	4244	68	521	0	0,402045	6	0,662102	14	0,868426	3,14	298	0,66129	1,14E-05	0,05	0,66129	1,14E-05	0,05	0,66129	1,14E-05	0,05
124	10139	123	5,681	50	20	1	0,99	4244	68	521	0	0,402045	6	0,662102	14	0,868426	3,14	298	0,66129	1,14E-05	0,05	0,66129	1,14E-05	0,05	0,66129	1,14E-05	0,05
